[0.0, 0.312, 0.401, 0.214, 0.239, 0.385, 0.487, 0.25, 0.225, 0.286, 0.357, 0.259,
0.125, 0.104, 0.124, 0.077, 0.289, 0.122, 0.239, 0.36, 0.481, 0.08, 0.257, 0.25, 0.
257, 0.213, 0.297, 0.184, 0.304, 0.346, 0.259, 0.258, 0.278, 0.236, 0.058, 0.31, 0.
226, 0.255, 0.278, 0.36, 0.285, 0.172, 0.352, 0.38, 0.348, 0.371, 0.344, 0.32, 0.35
4, 0.456, 0.332, 0.363, 0.405, 0.367, 0.394, 0.338, 0.361, 0.335, 0.314, 0.34, 0.31
9, 0.315, 0.351, 0.301, 0.351, 0.243, 0.326, 0.37, 0.345, 0.426, 0.365, 0.379, 0.32
4, 0.323, 0.322, 0.272, 0.337, 0.377, 0.422, 0.285, 0.39, 0.311, 0.325, 0.329, 0.33
5, 0.306, 0.237, 0.346, 0.408, 0.353, 0.251, 0.357, 0.343, 0.22, 0.23, 0.304, 0.33
1, 0.374, 0.47, 0.22, 0.099, 0.268, 0.241, 0.35, 0.476, 0.632, 0.187, 0.354, 0.306,
0.292, 0.362, 0.345, 0.298, 0.364, 0.317, 0.415, 0.35, 0.328, 0.339, 0.414, 0.352,
0.332, 0.342, 0.282, 0.341, 0.374, 0.272, 0.349, 0.303, 0.338, 0.368, 0.364, 0.395,
0.334, 0.324, 0.339, 0.284, 0.339, 0.364, 0.412, 0.247, 0.301, 0.285, 0.39, 0.332,
0.325, 0.287, 0.412, 0.329, 0.335, 0.348, 0.306, 0.237, 0.346, 0.444, 0.408, 0.353,
0.45, 0.283, 0.306, 0.357, 0.343, 0.22, 0.282, 0.23, 0.41, 0.099, 0.315, 0.268, 0.2
41, 0.35, 0.476, 0.331, 0.187, 0.607, 0.357, 0.305, 0.391, 0.346, 0.335, 0.174, 0.3
73, 0.359, 0.273, 0.296, 0.327, 0.384, 0.326, 0.346, 0.208, 0.307, 0.426, 0.333, 0.
373, 0.369, 0.326, 0.333, 0.148, 0.351, 0.361, 0.396, 0.156, 0.381, 0.349, 0.348,
0.303, 0.387, 0.287, 0.315, 0.322, 0.145, 0.251, 0.193, 0.283, 0.192, 0.283, 0.322,
0.306, 0.311, 0.181, 0.285, 0.385, 0.373, 0.277, 0.278, 0.199, 0.345, 0.28, 0.284,
0.162, 0.126, 0.109, 0.295, 0.254, 0.387, 0.311, 0.0, 0.297, 0.187, 0.168, 0.318,
0.212, 0.176, 0.412, 0.148, 0.36, 0.344, 0.206, 0.389, 0.276, 0.241, 0.364, 0.2, 0.
299, 0.278, 0.201, 0.311, 0.234, 0.329, 0.301, 0.379, 0.254, 0.358, 0.398, 0.205,
0.22, 0.299, 0.3, 0.357, 0.358, 0.458, 0.419, 0.307, 0.364, 0.299, 0.174, 0.602, 0.
293, 0.344, 0.258, 0.392, 0.255, 0.271, 0.0, 0.426, 0.0, 0.3, 0.301, 0.339, 0.343,
0.311, 0.288, 0.315, 0.265, 0.271, 0.076, 0.332, 0.552, 0.257, 0.435, 0.242, 0.226,
0.311, 0.292, 0.349, 0.33, 0.189, 0.387, 0.3, 0.309, 0.358, 0.319, 0.355, 0.349, 0.
211, 0.464, 0.354, 0.214, 0.403, 0.306, 0.333, 0.335, 0.345, 0.449, 0.278, 0.454,
0.337, 0.288, 0.061, 0.239, 0.234, 0.159, 0.394, 0.252, 0.314, 0.207, 0.36, 0.207,
0.28, 0.319, 0.175, 0.353, 0.318, 0.156, 0.277, 0.509, 0.481, 0.31, 0.185, 0.135,
0.231, 0.348, 0.219, 0.444, 0.397, 0.409, 0.349, 0.336, 0.307, 0.319, 0.269, 0.093,
0.401, 0.285, 0.413, 0.373, 0.352, 0.268, 0.446, 0.339, 0.251, 0.0, 0.33, 0.208, 0.
384, 0.285, 0.148, 0.362, 0.458, 0.249, 0.326, 0.282, 0.306, 0.512, 0.367, 0.368,
0.261, 0.346, 0.17, 0.174, 0.308, 0.333, 0.392, 0.365, 0.215, 0.274, 0.266, 0.211,
0.172, 0.276, 0.315, 0.208, 0.293, 0.324, 0.44, 0.313, 0.43, 0.153, 0.369, 0.395,
0.266, 0.256, 0.449, 0.186, 0.337, 0.161, 0.314, 0.235, 0.324, 0.313, 0.254, 0.351,
0.234, 0.194, 0.283, 0.525, 0.171, 0.228, 0.27, 0.228, 0.361, 0.284, 0.188, 0.271,
0.394, 0.254, 0.051, 0.238, 0.48, 0.296, 0.4, 0.329, 0.271, 0.202, 0.575, 0.453, 0.
395, 0.359, 0.277, 0.488, 0.247, 0.327, 0.343, 0.367, 0.215, 0.234, 0.328, 0.509,
0.372, 0.446, 0.427, 0.0, 0.25, 0.205, 0.32, 0.263, 0.371, 0.301, 0.222, 0.208, 0.4
44, 0.439, 0.354, 0.254, 0.103, 0.367, 0.278, 0.283, 0.325, 0.242, 0.525, 0.414, 0.
029, 0.334, 0.348, 0.312, 0.317, 0.306, 0.398, 0.258, 0.313, 0.234, 0.313, 0.43, 0.
425, 0.283, 0.24, 0.299, 0.444, 0.171, 0.253, 0.374, 0.061, 0.153, 0.381, 0.327, 0.
051, 0.335, 0.211, 0.336, 0.36, 0.509, 0.365, 0.371, 0.261, 0.414, 0.372, 0.427, 0.
357, 0.361, 0.362, 0.375, 0.356, 0.373, 0.388, 0.337, 0.339, 0.323, 0.306, 0.221,
0.287, 0.261, 0.312, 0.346, 0.212, 0.148, 0.17, 0.324, 0.384, 0.288, 0.314, 0.34,
0.266, 0.347, 0.344, 0.277, 0.344, 0.201, 0.276, 0.337, 0.364, 0.395, 0.324, 0.307,
0.426, 0.413, 0.333, 0.306, 0.159, 0.239, 0.275, 0.373, 0.369, 0.301, 0.335, 0.355,
0.243, 0.249, 0.214, 0.228, 0.174, 0.234, 0.326, 0.393, 0.161, 0.316, 0.148, 0.388,
0.208, 0.283, 0.351, 0.454, 0.403, 0.512, 0.265, 0.283, 0.525, 0.171, 0.225, 0.361,
0.481, 0.383, 0.156, 0.381, 0.271, 0.397, 0.252, 0.359, 0.349, 0.348, 0.215, 0.328,
0.279, 0.145, 0.322, 0.544, 0.22, 0.258, 0.274, 0.313, 0.181, 0.31, 0.192, 0.364,
0.199, 0.207, 0.263, 0.409, 0.255, 0.205, 0.224, 0.283, 0.295, 0.215, 0.224, 0.449,
0.308, 0.135, 0.174, 0.186, 0.251, 0.41, 0.318, 0.251, 0.337, 0.352, 0.311, 0.314,
0.311, 0.241, 0.285, 0.211, 0.276, 0.284, 0.324, 0.276, 0.313, 0.246, 0.234, 0.275,
0.194, 0.27, 0.282, 0.223, 0.284, 0.188, 0.309, 0.254, 0.238, 0.48, 0.304, 0.392,
0.525, 0.458, 0.0, 0.257, 0.271, 0.354, 0.575, 0.453, 0.46, 0.395, 0.329, 0.3, 0.48
8, 0.247, 0.426, 0.242, 0.367, 0.552, 0.241, 0.266, 0.3, 0.365, 0.371, 0.435, 0.30
1, 0.379, 0.222, 0.189, 0.297, 0.076, 0.528, 0.4, 0.208, 0.389, 0.226, 0.162, 0.44
4, 0.439, 0.196, 0.39, 0.44, 0.354, 0.288, 0.364, 0.193, 0.144, 0.103, 0.367, 0.38
6, 0.126, 0.446, 0.397, 0.25, 0.224, 0.278, 0.28, 0.405, 0.315, 0.359, 0.361, 0.39
5, 0.413, 0.355, 0.345, 0.366, 0.368, 0.368, 0.339, 0.395, 0.413, 0.375, 0.352, 0.3
22, 0.492, 0.236, 0.192, 0.337, 0.361, 0.367, 0.371, 0.341, 0.338, 0.407, 0.278, 0.
363, 0.282, 0.25, 0.444, 0.329, 0.25, 0.358, 0.457, 0.351, 0.23, 0.319, 0.336, 0.29
9, 0.372, 0.305, 0.225, 0.323, 0.509, 0.429, 0.337, 0.382, 0.325, 0.368, 0.391, 0.3
12, 0.297, 0.343, 0.3, 0.335, 0.294, 0.342, 0.304, 0.332, 0.295, 0.363, 0.343, 0.3
3, 0.35, 0.34, 0.337, 0.36, 0.421, 0.326, 0.453, 0.33, 0.294, 0.34, 0.281, 0.205,
0.377, 0.234, 0.254, 0.28, 0.352, 0.286, 0.25, 0.36, 0.357, 0.347, 0.339, 0.31, 0.3
44, 0.259, 0.222, 0.325, 0.3, 0.153, 0.332, 0.265, 0.303, 0.215, 0.243, 0.314, 0.21
4, 0.291, 0.285, 0.2, 0.236, 0.309, 0.234, 0.259, 0.186, 0.263, 0.321, 0.329, 0.30
4, 0.227, 0.294, 0.303, 0.313, 0.374, 0.3, 0.0, 0.23, 0.155, 0.252, 0.202, 0.283,
0.309, 0.317, 0.276, 0.344, 0.355, 0.324, 0.211, 0.292, 0.337, 0.33, 0.068, 0.352,
0.24, 0.237, 0.326, 0.261, 0.282, 0.32, 0.209, 0.317, 0.245, 0.157, 0.308, 0.304,
0.309, 0.158, 0.518, 0.401, 0.134, 0.153, 0.114, 0.194, 0.198, 0.345, 0.433, 0.334,
0.275, 0.42, 0.305, 0.353, 0.269, 0.206, 0.336, 0.242, 0.427, 0.239, 0.166, 0.225,
0.299, 0.231, 0.351, 0.201, 0.335, 0.362, 0.325, 0.572, 0.334, 0.286, 0.262, 0.327,
0.207, 0.252, 0.299, 0.262, 0.347, 0.6, 0.096, 0.272, 0.14, 0.223, 0.297, 0.469, 0.
404, 0.167, 0.28, 0.0, 0.358, 0.352, 0.335, 0.0, 0.326, 0.343, 0.306, 0.348, 0.337,
0.304, 0.282, 0.317, 0.181, 0.33, 0.294, 0.261, 0.271, 0.376, 0.308, 0.328, 0.236,
0.249, 0.369, 0.382, 0.291, 0.138, 0.304, 0.346, 0.27, 0.287, 0.262, 0.377, 0.44,
0.275, 0.298, 0.337, 0.32, 0.364, 0.418, 0.428, 0.218, 0.261, 0.372, 0.172, 0.484,
0.328, 0.222, 0.351, 0.36, 0.351, 0.449, 0.389, 0.22, 0.653, 0.313, 0.328, 0.22, 0.
255, 0.364, 0.304, 0.304, 0.26, 0.424, 0.292, 0.455, 0.279, 0.25, 0.343, 0.156, 0.4
32, 0.382, 0.23, 0.449, 0.279, 0.307, 0.305, 0.392, 0.356, 0.623, 0.366, 0.401, 0.3
4, 0.368, 0.332, 0.324, 0.319, 0.22, 0.386, 0.417, 0.243, 0.338, 0.351, 0.152, 0.38
6, 0.245, 0.219, 0.331, 0.183, 0.292, 0.258, 0.302, 0.345, 0.352, 0.179, 0.252, 0.4
2, 0.329, 0.333, 0.278, 0.229, 0.259, 0.296, 0.31, 0.308, 0.109, 0.319, 0.197, 0.26
1, 0.179, 0.397, 0.279, 0.26, 0.252, 0.437, 0.191, 0.401, 0.374, 0.315, 0.192, 0.38
2, 0.268, 0.178, 0.25, 0.359, 0.324, 0.339, 0.231, 0.356, 0.364, 0.246, 0.322, 0.29
7, 0.358, 0.301, 0.366, 0.238, 0.203, 0.296, 0.272, 0.395, 0.34, 0.226, 0.219, 0.24
6, 0.194, 0.251, 0.453, 0.239, 0.329, 0.169, 0.233, 0.088, 0.0, 0.344, 0.229, 0.43
5, 0.127, 0.341, 0.342, 0.377, 0.257, 0.286, 0.113, 0.335, 0.382, 0.348, 0.281, 0.3
35, 0.487, 0.337, 0.352, 0.285, 0.137, 0.353, 0.137, 0.27, 0.343, 0.423, 0.252, 0.3
66, 0.278, 0.201, 0.564, 0.623, 0.243, 0.25, 0.201, 0.366, 0.136, 0.358, 0.331, 0.3
29, 0.273, 0.163, 0.324, 0.489, 0.224, 0.419, 0.422, 0.273, 0.122, 0.451, 0.225, 0.
197, 0.29, 0.188, 0.297, 0.335, 0.247, 0.315, 0.184, 0.457, 0.295, 0.262, 0.39, 0.3
02, 0.248, 0.452, 0.343, 0.174, 0.248, 0.315, 0.416, 0.162, 0.387, 0.253, 0.34, 0.3
63, 0.337, 0.273, 0.358, 0.186, 0.137, 0.441, 0.361, 0.192, 0.298, 0.541, 0.352, 0.
192, 0.331, 0.277, 0.284, 0.264, 0.394, 0.176, 0.289, 0.449, 0.246, 0.0, 0.324, 0.4
46, 0.23, 0.381, 0.356, 0.315, 0.275, 0.125, 0.259, 0.085, 0.294, 0.332, 0.417, 0.0
43, 0.285, 0.33, 0.239, 0.23, 0.241, 0.352, 0.0, 0.198, 0.37, 0.367, 0.377, 0.106,
0.223, 0.274, 0.316, 0.254, 0.297, 0.252, 0.203, 0.258, 0.335, 0.172, 0.166, 0.28,
0.319, 0.332, 0.256, 0.337, 0.261, 0.368, 0.328, 0.373, 0.343, 0.367, 0.15, 0.335,
0.273, 0.226, 0.431, 0.315, 0.204, 0.146, 0.224, 0.237, 0.261, 0.296, 0.358, 0.28,
0.247, 0.198, 0.461, 0.211, 0.335, 0.255, 0.476, 0.299, 0.235, 0.187, 0.368, 0.391,
0.503, 0.347, 0.308, 0.381, 0.205, 0.159, 0.114, 0.294, 0.178, 0.297, 0.331, 0.371,
0.431, 0.133, 0.043, 0.357, 0.303, 0.399, 0.467, 0.401, 0.333, 0.384, 0.312, 0.375,
0.244, 0.088, 0.352, 0.222, 0.265, 0.268, 0.261, 0.305, 0.351, 0.402, 0.29, 0.162,
0.307, 0.322, 0.158, 0.274, 0.222, 0.34, 0.36, 0.237, 0.35, 0.298, 0.335, 0.41, 0.3
05, 0.349, 0.267, 0.323, 0.185, 0.291, 0.328, 0.458, 0.309, 0.174, 0.421, 0.326, 0.
439, 0.261, 0.413, 0.31, 0.348, 0.342, 0.283, 0.292, 0.426, 0.319, 0.301, 0.346, 0.
262, 0.158, 0.153, 0.263, 0.323, 0.0, 0.172, 0.277, 0.405, 0.393, 0.281, 0.315, 0.3
23, 0.173, 0.509, 0.417, 0.265, 0.202, 0.148, 0.25, 0.231, 0.373, 0.268, 0.34, 0.18
3, 0.414, 0.521, 0.296, 0.28, 0.392, 0.328, 0.31, 0.194, 0.291, 0.32, 0.086, 0.433,
0.27, 0.358, 0.44, 0.377, 0.372, 0.417, 0.325, 0.419, 0.305, 0.225, 0.408, 0.527,
0.222, 0.476, 0.417, 0.33, 0.146, 0.339, 0.461, 0.344, 0.366, 0.222, 0.353, 0.241,
0.258, 0.0, 0.357, 0.366, 0.462, 0.311, 0.382, 0.509, 0.321, 0.376, 0.297, 0.35, 0.
37, 0.387, 0.321, 0.349, 0.316, 0.339, 0.428, 0.304, 0.312, 0.366, 0.362, 0.343, 0.
356, 0.225, 0.256, 0.382, 0.344, 0.297, 0.435, 0.298, 0.34, 0.337, 0.262, 0.36, 0.3
07, 0.291, 0.326, 0.243, 0.299, 0.422, 0.327, 0.352, 0.289, 0.043, 0.349, 0.432, 0.
327, 0.374, 0.158, 0.262, 0.244, 0.323, 0.357, 0.352, 0.399, 0.393, 0.401, 0.34, 0.
521, 0.384, 0.389, 0.396, 0.353, 0.298, 0.338, 0.236, 0.192, 0.301, 0.317, 0.178,
0.258, 0.401, 0.247, 0.337, 0.229, 0.156, 0.259, 0.344, 0.336, 0.188, 0.44, 0.302,
0.305, 0.279, 0.215, 0.297, 0.268, 0.319, 0.332, 0.403, 0.383, 0.328, 0.373, 0.226,
0.367, 0.158, 0.254, 0.261, 0.24, 0.223, 0.085, 0.117, 0.318, 0.276, 0.0, 0.167, 0.
153, 0.352, 0.384, 0.268, 0.043, 0.261, 0.27, 0.282, 0.335, 0.2, 0.301, 0.261, 0.2
8, 0.273, 0.197, 0.263, 0.204, 0.205, 0.224, 0.262, 0.254, 0.275, 0.192, 0.337, 0.2
01, 0.305, 0.286, 0.209, 0.281, 0.6, 0.218, 0.323, 0.42, 0.369, 0.114, 0.27, 0.257,
0.31, 0.311, 0.291, 0.301, 0.335, 0.252, 0.283, 0.287, 0.206, 0.179, 0.225, 0.273,
0.0, 0.256, 0.335, 0.148, 0.429, 0.313, 0.345, 0.263, 0.272, 0.337, 0.286, 0.211,
0.305, 0.261, 0.335, 0.269, 0.22, 0.236, 0.278, 0.353, 0.245, 0.262, 0.111, 0.172,
0.243, 0.386, 0.0, 0.303, 0.401, 0.197, 0.344, 0.251, 0.23, 0.241, 0.372, 0.285, 0.
0, 0.357, 0.228, 0.266, 0.313, 0.173, 0.153, 0.201, 0.265, 0.129, 0.364, 0.294, 0.2
94, 0.259, 0.257, 0.373, 0.289, 0.325, 0.355, 0.341, 0.388, 0.312, 0.339, 0.336, 0.
393, 0.37, 0.375, 0.377, 0.349, 0.377, 0.316, 0.37, 0.444, 0.398, 0.315, 0.351, 0.3
38, 0.322, 0.359, 0.329, 0.281, 0.327, 0.324, 0.292, 0.362, 0.331, 0.36, 0.324, 0.3
57, 0.327, 0.367, 0.338, 0.34, 0.275, 0.351, 0.335, 0.443, 0.248, 0.352, 0.239, 0.4
44, 0.225, 0.414, 0.35, 0.29, 0.398, 0.319, 0.285, 0.299, 0.41, 0.297, 0.362, 0.33
4, 0.312, 0.266, 0.372, 0.305, 0.352, 0.342, 0.329, 0.428, 0.338, 0.347, 0.294, 0.3
24, 0.287, 0.245, 0.358, 0.457, 0.305, 0.337, 0.308, 0.518, 0.303, 0.295, 0.365, 0.
593, 0.348, 0.341, 0.347, 0.351, 0.596, 0.217, 0.375, 0.487, 0.315, 0.267, 0.331,
0.172, 0.377, 0.285, 0.23, 0.298, 0.157, 0.34, 0.283, 0.356, 0.319, 0.417, 0.36, 0.
252, 0.328, 0.213, 0.27, 0.421, 0.324, 0.23, 0.453, 0.364, 0.261, 0.225, 0.347, 0.2
94, 0.158, 0.334, 0.256, 0.394, 0.377, 0.255, 0.255, 0.166, 0.281, 0.458, 0.273, 0.
174, 0.326, 0.369, 0.354, 0.242, 0.183, 0.439, 0.531, 0.319, 0.413, 0.205, 0.226,
0.397, 0.285, 0.314, 0.477, 0.544, 0.0, 0.321, 0.282, 0.272, 0.159, 0.474, 0.185,
0.156, 0.238, 0.169, 0.352, 0.153, 0.0, 0.176, 0.0, 0.263, 0.323, 0.251, 0.364, 0.3
05, 0.172, 0.325, 0.315, 0.34, 0.343, 0.211, 0.417, 0.322, 0.242, 0.286, 0.355, 0.3
42, 0.286, 0.274, 0.308, 0.315, 0.541, 0.381, 0.244, 0.232, 0.25, 0.313, 0.467, 0.2
67, 0.345, 0.2, 0.333, 0.258, 0.194, 0.241, 0.305, 0.261, 0.219, 0.267, 0.265, 0.23
6, 0.292, 0.127, 0.402, 0.384, 0.338, 0.476, 0.401, 0.411, 0.383, 0.179, 0.374, 0.3
4, 0.382, 0.36, 0.414, 0.359, 0.378, 0.339, 0.328, 0.328, 0.32, 0.333, 0.351, 0.41
6, 0.414, 0.316, 0.363, 0.316, 0.266, 0.43, 0.338, 0.287, 0.307, 0.365, 0.347, 0.21
7, 0.375, 0.213, 0.158, 0.507, 0.313, 0.34, 0.398, 0.384, 0.338, 0.192, 0.407, 0.24
7, 0.179, 0.295, 0.39, 0.29, 0.339, 0.328, 0.372, 0.385, 0.362, 0.324, 0.352, 0.33,
0.456, 0.225, 0.318, 0.357, 0.316, 0.266, 0.43, 0.287, 0.307, 0.306, 0.593, 0.347,
0.351, 0.596, 0.217, 0.213, 0.158, 0.476, 0.35, 0.313, 0.294, 0.267, 0.338, 0.322,
0.328, 0.418, 0.482, 0.409, 0.339, 0.404, 0.314, 0.342, 0.384, 0.353, 0.319, 0.331,
0.338, 0.272, 0.409, 0.319, 0.247, 0.276, 0.376, 0.334, 0.376, 0.292, 0.147, 0.326,
0.277, 0.267, 0.486, 0.35, 0.264, 0.353, 0.314, 0.171, 0.4, 0.22, 0.257, 0.464, 0.3
22, 0.322, 0.247, 0.312, 0.357, 0.145, 0.39, 0.186, 0.171, 0.133, 0.189, 0.464, 0.2
93, 0.346, 0.156, 0.414, 0.294, 0.29, 0.316, 0.331, 0.24, 0.314, 0.16, 0.316, 0.26
6, 0.286, 0.361, 0.436, 0.207, 0.288, 0.306, 0.3, 0.43, 0.247, 0.244, 0.324, 0.365,
0.25, 0.335, 0.259, 0.102, 0.304, 0.246, 0.339, 0.349, 0.27, 0.423, 0.0, 0.142, 0.3
07, 0.308, 0.223, 0.439, 0.385, 0.376, 0.285, 0.185, 0.41, 0.409, 0.261, 0.129, 0.4
53, 0.373, 0.337, 0.548, 0.254, 0.336, 0.303, 0.168, 0.322, 0.29, 0.251, 0.347, 0.2
52, 0.338, 0.172, 0.113, 0.457, 0.373, 0.228, 0.506, 0.286, 0.326, 0.354, 0.304, 0.
349, 0.477, 0.25, 0.218, 0.311, 0.367, 0.267, 0.204, 0.336, 0.367, 0.376, 0.3, 0.14
8, 0.44, 0.42, 0.27, 0.323, 0.372, 0.55, 0.394, 0.473, 0.291, 0.24, 0.317, 0.269,
0.185, 0.508, 0.287, 0.171, 0.316, 0.338, 0.066, 0.345, 0.426, 0.311, 0.186, 0.314,
0.375, 0.466, 0.283, 0.486, 0.189, 0.193, 0.335, 0.193, 0.269, 0.316, 0.381, 0.366,
0.435, 0.271, 0.392, 0.308, 0.272, 0.323, 0.263, 0.417, 0.264, 0.166, 0.353, 0.345,
0.369, 0.219, 0.476, 0.328, 0.265, 0.379, 0.259, 0.292, 0.33, 0.283, 0.302, 0.401,
0.333, 0.387, 0.0, 0.203, 0.338, 0.265, 0.276, 0.232, 0.397, 0.231, 0.195, 0.261,
0.398, 0.183, 0.274, 0.376, 0.394, 0.332, 0.257, 0.347, 0.262, 0.232, 0.303, 0.321,
0.324, 0.218, 0.261, 0.289, 0.318, 0.309, 0.267, 0.402, 0.229, 0.092, 0.243, 0.165,
0.315, 0.261, 0.273, 0.22, 0.275, 0.355, 0.285, 0.242, 0.417, 0.184, 0.42, 0.446,
0.221, 0.382, 0.32, 0.461, 0.288, 0.403, 0.275, 0.395, 0.241, 0.325, 0.264, 0.277,
0.272, 0.375, 0.286, 0.37, 0.244, 0.281, 0.25, 0.422, 0.339, 0.318, 0.248, 0.433,
0.35, 0.475, 0.265, 0.328, 0.206, 0.409, 0.421, 0.288, 0.391, 0.391, 0.321, 0.229,
0.336, 0.298, 0.405, 0.256, 0.15, 0.412, 0.227, 0.285, 0.108, 0.065, 0.23, 0.331,
0.431, 0.2, 0.218, 0.151, 0.241, 0.214, 0.303, 0.379, 0.482, 0.328, 0.201, 0.322,
0.123, 0.275, 0.23, 0.247, 0.509, 0.351, 0.302, 0.137, 0.444, 0.479, 0.541, 0.521,
0.321, 0.055, 0.183, 0.475, 0.297, 0.267, 0.312, 0.269, 0.284, 0.348, 0.333, 0.237,
0.353, 0.444, 0.284, 0.295, 0.319, 0.59, 0.334, 0.384, 0.152, 0.343, 0.18, 0.264,
0.234, 0.192, 0.128, 0.333, 0.486, 0.41, 0.295, 0.177, 0.071, 0.285, 0.353, 0.455,
0.278, 0.484, 0.321, 0.195, 0.434, 0.242, 0.284, 0.238, 0.24, 0.213, 0.2, 0.312, 0.
367, 0.202, 0.246, 0.264, 0.153, 0.289, 0.275, 0.326, 0.4, 0.186, 0.065, 0.347, 0.3
38, 0.466, 0.28, 0.303, 0.323, 0.226, 0.265, 0.266, 0.39, 0.509, 0.422, 0.237, 0.30
2, 0.216, 0.235, 0.475, 0.184, 0.388, 0.405, 0.257, 0.409, 0.189, 0.309, 0.345, 0.1
85, 0.267, 0.412, 0.269, 0.247, 0.363, 0.274, 0.455, 0.434, 0.268, 0.398, 0.265, 0.
39, 0.322, 0.376, 0.406, 0.247, 0.261, 0.294, 0.113, 0.128, 0.323, 0.477, 0.473, 0.
367, 0.295, 0.348, 0.222, 0.257, 0.288, 0.322, 0.259, 0.283, 0.153, 0.278, 0.283,
0.244, 0.37, 0.349, 0.55, 0.242, 0.264, 0.333, 0.414, 0.363, 0.368, 0.293, 0.377,
0.282, 0.236, 0.267, 0.325, 0.338, 0.254, 0.322, 0.398, 0.332, 0.423, 0.318, 0.248,
0.306, 0.328, 0.453, 0.289, 0.211, 0.378, 0.418, 0.291, 0.316, 0.218, 0.214, 0.379,
0.422, 0.391, 0.482, 0.414, 0.44, 0.286, 0.261, 0.351, 0.323, 0.137, 0.233, 0.444,
0.541, 0.308, 0.264, 0.364, 0.461, 0.0, 0.165, 0.228, 0.206, 0.399, 0.421, 0.265,
0.267, 0.299, 0.309, 0.251, 0.363, 0.405, 0.422, 0.298, 0.383, 0.218, 0.316, 0.31,
0.108, 0.276, 0.263, 0.142, 0.247, 0.383, 0.266, 0.405, 0.308, 0.368, 0.55, 0.203,
0.22, 0.367, 0.304, 0.212, 0.229, 0.201, 0.317, 0.271, 0.172, 0.092, 0.321, 0.227,
0.275, 0.272, 0.23, 0.248, 0.288, 0.183, 0.479, 0.181, 0.392, 0.344, 0.339, 0.521,
0.186, 0.493, 0.159, 0.426, 0.133, 0.24, 0.055, 0.247, 0.314, 0.203, 0.308, 0.409,
0.228, 0.344, 0.296, 0.292, 0.227, 0.195, 0.509, 0.394, 0.234, 0.333, 0.236, 0.261,
0.247, 0.287, 0.496, 0.317, 0.314, 0.339, 0.283, 0.272, 0.288, 0.236, 0.316, 0.066,
0.191, 0.287, 0.264, 0.394, 0.252, 0.261, 0.105, 0.357, 0.439, 0.272, 0.25, 0.218,
0.223, 0.278, 0.351, 0.358, 0.325, 0.311, 0.437, 0.366, 0.422, 0.316, 0.331, 0.316,
0.33, 0.369, 0.402, 0.197, 0.257, 0.281, 0.32, 0.328, 0.321, 0.376, 0.334, 0.333,
0.384, 0.319, 0.358, 0.3, 0.35, 0.291, 0.353, 0.376, 0.292, 0.276, 0.147, 0.451, 0.
298, 0.304, 0.201, 0.289, 0.492, 0.307, 0.392, 0.156, 0.18, 0.342, 0.391, 0.476, 0.
257, 0.321, 0.288, 0.2, 0.246, 0.339, 0.356, 0.262, 0.217, 0.375, 0.285, 0.286, 0.3
25, 0.231, 0.234, 0.171, 0.196, 0.548, 0.439, 0.343, 0.269, 0.226, 0.171, 0.306, 0.
259, 0.256, 0.193, 0.304, 0.406, 0.314, 0.422, 0.39, 0.47, 0.312, 0.364, 0.264, 0.3
31, 0.486, 0.266, 0.278, 0.35, 0.264, 0.275, 0.417, 0.302, 0.407, 0.193, 0.113, 0.2
7, 0.259, 0.359, 0.339, 0.249, 0.412, 0.381, 0.389, 0.403, 0.41, 0.405, 0.349, 0.1
8, 0.312, 0.33, 0.457, 0.218, 0.336, 0.241, 0.385, 0.289, 0.301, 0.317, 0.312, 0.12
1, 0.344, 0.607, 0.071, 0.335, 0.123, 0.177, 0.339, 0.403, 0.484, 0.282, 0.321, 0.2
41, 0.336, 0.312, 0.321, 0.195, 0.251, 0.166, 0.347, 0.244, 0.0, 0.446, 0.333, 0.28
5, 0.24, 0.266, 0.467, 0.222, 0.24, 0.313, 0.103, 0.228, 0.284, 0.164, 0.351, 0.13,
0.238, 0.213, 0.446, 0.2, 0.231, 0.151, 0.32, 0.129, 0.148, 0.297, 0.096, 0.312, 0.
498, 0.341, 0.38, 0.336, 0.328, 0.402, 0.281, 0.328, 0.335, 0.358, 0.354, 0.492, 0.
24, 0.259, 0.361, 0.607, 0.312, 0.251, 0.297, 0.491, 0.346, 0.35, 0.338, 0.318, 0.2
48, 0.308, 0.354, 0.394, 0.349, 0.402, 0.32, 0.328, 0.32, 0.35, 0.492, 0.24, 0.259,
0.344, 0.607, 0.251, 0.297, 0.389, 0.302, 0.323, 0.356, 0.269, 0.172, 0.401, 0.335,
0.337, 0.284, 0.413, 0.27, 0.325, 0.293, 0.465, 0.309, 0.292, 0.478, 0.339, 0.239,
0.296, 0.492, 0.243, 0.166, 0.358, 0.444, 0.352, 0.368, 0.309, 0.353, 0.246, 0.284,
0.273, 0.305, 0.367, 0.259, 0.414, 0.268, 0.29, 0.388, 0.218, 0.487, 0.272, 0.237,
0.404, 0.084, 0.304, 0.317, 0.33, 0.362, 0.297, 0.332, 0.364, 0.28, 0.416, 0.322,
0.236, 0.342, 0.316, 0.327, 0.38, 0.375, 0.261, 0.249, 0.182, 0.333, 0.291, 0.361,
0.362, 0.305, 0.299, 0.358, 0.375, 0.304, 0.38, 0.34, 0.269, 0.365, 0.262, 0.376,
0.213, 0.224, 0.295, 0.216, 0.169, 0.306, 0.351, 0.318, 0.428, 0.326, 0.352, 0.314,
0.218, 0.394, 0.173, 0.421, 0.432, 0.0, 0.446, 0.474, 0.253, 0.377, 0.168, 0.272,
0.363, 0.276, 0.261, 0.222, 0.299, 0.332, 0.397, 0.358, 0.396, 0.411, 0.394, 0.396,
0.381, 0.343, 0.296, 0.245, 0.316, 0.154, 0.148, 0.276, 0.36, 0.251, 0.299, 0.326,
0.301, 0.055, 0.198, 0.186, 0.336, 0.443, 0.269, 0.11, 0.583, 0.309, 0.304, 0.229,
0.447, 0.308, 0.0, 0.307, 0.248, 0.29, 0.31, 0.236, 0.394, 0.291, 0.262, 0.298, 0.3
58, 0.259, 0.309, 0.286, 0.306, 0.319, 0.181, 0.317, 0.215, 0.073, 0.351, 0.258, 0.
273, 0.352, 0.373, 0.338, 0.313, 0.213, 0.2, 0.29, 0.289, 0.25, 0.306, 0.549, 0.32
7, 0.242, 0.243, 0.31, 0.223, 0.287, 0.293, 0.275, 0.294, 0.663, 0.403, 0.171, 0.22
9, 0.0, 0.195, 0.53, 0.336, 0.315, 0.332, 0.31, 0.322, 0.321, 0.328, 0.508, 0.313,
0.386, 0.203, 0.392, 0.258, 0.279, 0.312, 0.287, 0.237, 0.23, 0.351, 0.246, 0.254,
0.321, 0.366, 0.318, 0.155, 0.327, 0.086, 0.381, 0.451, 0.266, 0.138, 0.297, 0.281,
0.294, 0.294, 0.295, 0.035, 0.154, 0.362, 0.212, 0.295, 0.236, 0.108, 0.132, 0.354,
0.302, 0.348, 0.315, 0.229, 0.479, 0.384, 0.096, 0.403, 0.404, 0.282, 0.379, 0.557,
0.354, 0.341, 0.268, 0.208, 0.416, 0.077, 0.233, 0.379, 0.311, 0.495, 0.349, 0.364,
0.279, 0.338, 0.394, 0.321, 0.333, 0.197, 0.378, 0.247, 0.283, 0.256, 0.331, 0.294,
0.185, 0.397, 0.313, 0.307, 0.166, 0.228, 0.367, 0.411, 0.311, 0.321, 0.343, 0.343,
0.272, 0.303, 0.124, 0.327, 0.32, 0.326, 0.265, 0.352, 0.268, 0.383, 0.254, 0.289,
0.437, 0.249, 0.318, 0.107, 0.295, 0.184, 0.34, 0.328, 0.284, 0.315, 0.241, 0.297,
0.213, 0.346, 0.302, 0.371, 0.238, 0.366, 0.331, 0.417, 0.429, 0.174, 0.323, 0.336,
0.36, 0.315, 0.341, 0.371, 0.326, 0.169, 0.375, 0.177, 0.122, 0.338, 0.283, 0.3, 0.
339, 0.293, 0.29, 0.336, 0.443, 0.362, 0.377, 0.207, 0.451, 0.253, 0.099, 0.259, 0.
261, 0.279, 0.569, 0.256, 0.354, 0.461, 0.213, 0.153, 0.123, 0.384, 0.1, 0.296, 0.3
94, 0.35, 0.281, 0.554, 0.383, 0.235, 0.269, 0.331, 0.371, 0.332, 0.37, 0.39, 0.29
4, 0.372, 0.189, 0.26, 0.265, 0.279, 0.147, 0.286, 0.307, 0.194, 0.393, 0.316, 0.38
1, 0.311, 0.399, 0.228, 0.367, 0.279, 0.204, 0.3, 0.291, 0.431, 0.401, 0.311, 0.31
9, 0.484, 0.346, 0.283, 0.297, 0.291, 0.373, 0.345, 0.093, 0.363, 0.304, 0.357, 0.1
36, 0.337, 0.408, 0.172, 0.408, 0.365, 0.297, 0.351, 0.334, 0.348, 0.322, 0.261, 0.
328, 0.262, 0.216, 0.322, 0.459, 0.343, 0.354, 0.257, 0.262, 0.333, 0.268, 0.26, 0.
361, 0.27, 0.222, 0.435, 0.495, 0.249, 0.56, 0.27, 0.253, 0.381, 0.315, 0.375, 0.30
7, 0.168, 0.077, 0.319, 0.267, 0.313, 0.209, 0.279, 0.345, 0.364, 0.454, 0.171, 0.6
21, 0.18, 0.274, 0.389, 0.326, 0.563, 0.23, 0.489, 0.277, 0.412, 0.364, 0.333, 0.44
3, 0.214, 0.351, 0.0, 0.041, 0.32, 0.139, 0.0, 0.316, 0.216, 0.169, 0.469, 0.23, 0.
297, 0.35, 0.173, 0.154, 0.292, 0.372, 0.246, 0.336, 0.184, 0.205, 0.322, 0.321, 0.
213, 0.418, 0.08, 0.365, 0.253, 0.193, 0.244, 0.373, 0.292, 0.22, 0.404, 0.329, 0.2
2, 0.246, 0.381, 0.237, 0.496, 0.353, 0.293, 0.325, 0.356, 0.28, 0.307, 0.346, 0.37
5, 0.245, 0.278, 0.265, 0.396, 0.353, 0.358, 0.249, 0.309, 0.385, 0.292, 0.258, 0.4
05, 0.306, 0.348, 0.22, 0.235, 0.462, 0.254, 0.276, 0.533, 0.091, 0.306, 0.159, 0.3
51, 0.167, 0.242, 0.337, 0.273, 0.394, 0.213, 0.318, 0.149, 0.419, 0.291, 0.247, 0.
422, 0.28, 0.446, 0.217, 0.18, 0.135, 0.218, 0.255, 0.342, 0.313, 0.292, 0.633, 0.4
56, 0.343, 0.331, 0.289, 0.237, 0.186, 0.266, 0.293, 0.321, 0.36, 0.365, 0.417, 0.3
44, 0.0, 0.363, 0.462, 0.374, 0.349, 0.272, 0.32, 0.486, 0.309, 0.258, 0.311, 0.26
2, 0.141, 0.392, 0.088, 0.35, 0.289, 0.368, 0.281, 0.274, 0.269, 0.242, 0.112, 0.3
7, 0.401, 0.233, 0.479, 0.219, 0.307, 0.449, 0.295, 0.194, 0.234, 0.304, 0.291, 0.2
05, 0.304, 0.309, 0.332, 0.268, 0.377, 0.341, 0.34, 0.261, 0.371, 0.265, 0.295, 0.2
44, 0.283, 0.38, 0.482, 0.357, 0.363, 0.307, 0.307, 0.368, 0.396, 0.357, 0.322, 0.3
8, 0.34, 0.338, 0.269, 0.249, 0.365, 0.308, 0.224, 0.373, 0.343, 0.273, 0.252, 0.29
4, 0.315, 0.244, 0.276, 0.461, 0.316, 0.354, 0.248, 0.273, 0.404, 0.167, 0.286, 0.4
84, 0.383, 0.349, 0.419, 0.311, 0.437, 0.379, 0.174, 0.443, 0.197, 0.277, 0.313, 0.
313, 0.387, 0.633, 0.456, 0.343, 0.282, 0.37, 0.251, 0.172, 0.365, 0.467, 0.311, 0.
238, 0.392, 0.328, 0.331, 0.397, 0.358, 0.177, 0.329, 0.346, 0.315, 0.403, 0.452,
0.325, 0.23, 0.368, 0.355, 0.267, 0.396, 0.223, 0.337, 0.308, 0.479, 0.274, 0.316,
0.326, 0.339, 0.267, 0.154, 0.258, 0.353, 0.276, 0.346, 0.408, 0.318, 0.35, 0.378,
0.298, 0.295, 0.327, 0.341, 0.33, 0.323, 0.375, 0.354, 0.39, 0.297, 0.412, 0.346,
0.269, 0.311, 0.223, 0.239, 0.23, 0.244, 0.297, 0.351, 0.249, 0.309, 0.324, 0.306,
0.35, 0.621, 0.37, 0.242, 0.187, 0.607, 0.358, 0.336, 0.169, 0.229, 0.232, 0.241,
0.583, 0.185, 0.233, 0.33, 0.489, 0.445, 0.209, 0.312, 0.482, 0.403, 0.33, 0.326,
0.326, 0.312, 0.356, 0.348, 0.47, 0.347, 0.327, 0.356, 0.343, 0.297, 0.256, 0.315,
0.318, 0.337, 0.42, 0.336, 0.32, 0.329, 0.352, 0.256, 0.321, 0.354, 0.34, 0.28, 0.3
26, 0.285, 0.284, 0.378, 0.332, 0.287, 0.376, 0.405, 0.381, 0.179, 0.396, 0.31, 0.2
96, 0.294, 0.366, 0.339, 0.344, 0.305, 0.388, 0.299, 0.371, 0.346, 0.389, 0.446, 0.
344, 0.355, 0.318, 0.465, 0.249, 0.447, 0.353, 0.318, 0.262, 0.322, 0.292, 0.478,
0.339, 0.333, 0.256, 0.33, 0.385, 0.235, 0.347, 0.374, 0.297, 0.361, 0.303, 0.432,
0.247, 0.316, 0.237, 0.262, 0.354, 0.207, 0.296, 0.297, 0.182, 0.492, 0.291, 0.259,
0.228, 0.308, 0.332, 0.325, 0.29, 0.354, 0.184, 0.305, 0.269, 0.29, 0.363, 0.166,
0.265, 0.335, 0.306, 0.237, 0.355, 0.408, 0.358, 0.444, 0.354, 0.281, 0.355, 0.252,
0.353, 0.329, 0.323, 0.369, 0.319, 0.254, 0.456, 0.306, 0.326, 0.224, 0.332, 0.295,
0.216, 0.351, 0.328, 0.375, 0.388, 0.35, 0.306, 0.456, 0.251, 0.373, 0.354, 0.343,
0.343, 0.307, 0.348, 0.086, 0.389, 0.15, 0.256, 0.229, 0.238, 0.28, 0.368, 0.235,
0.22, 0.263, 0.309, 0.242, 0.353, 0.318, 0.246, 0.373, 0.533, 0.428, 0.375, 0.284,
0.273, 0.352, 0.283, 0.256, 0.284, 0.466, 0.522, 0.372, 0.363, 0.246, 0.314, 0.41,
0.469, 0.305, 0.336, 0.307, 0.208, 0.53, 0.108, 0.385, 0.213, 0.318, 0.189, 0.173,
0.421, 0.405, 0.312, 0.27, 0.403, 0.237, 0.296, 0.461, 0.0, 0.446, 0.315, 0.386, 0.
268, 0.56, 0.369, 0.149, 0.29, 0.388, 0.223, 0.487, 0.241, 0.32, 0.253, 0.271, 0.1
8, 0.398, 0.408, 0.269, 0.418, 0.381, 0.169, 0.372, 0.309, 0.409, 0.168, 0.331, 0.2
89, 0.237, 0.215, 0.404, 0.186, 0.29, 0.243, 0.481, 0.632, 0.084, 0.681, 0.497, 0.3
64, 0.374, 0.276, 0.35, 0.234, 0.304, 0.343, 0.342, 0.261, 0.311, 0.253, 0.221, 0.3
08, 0.322, 0.281, 0.18, 0.369, 0.396, 0.229, 0.301, 0.397, 0.265, 0.353, 0.277, 0.3
38, 0.124, 0.231, 0.331, 0.335, 0.326, 0.274, 0.154, 0.385, 0.255, 0.31, 0.23, 0.29
3, 0.0, 0.212, 0.252, 0.348, 0.212, 0.393, 0.321, 0.229, 0.172, 0.461, 0.219, 0.33
1, 0.171, 0.305, 0.273, 0.351, 0.266, 0.286, 0.449, 0.394, 0.28, 0.149, 0.153, 0.2
8, 0.215, 0.241, 0.244, 0.389, 0.077, 0.195, 0.193, 0.321, 0.135, 0.319, 0.22, 0.30
6, 0.332, 0.281, 0.184, 0.123, 0.169, 0.321, 0.494, 0.292, 0.213, 0.213, 0.265, 0.3
77, 0.419, 0.138, 0.294, 0.258, 0.368, 0.462, 0.058, 0.311, 0.309, 0.31, 0.383, 0.4
79, 0.152, 0.262, 0.39, 0.141, 0.12, 0.2, 0.27, 0.34, 0.307, 0.42, 0.33, 0.386, 0.3
6, 0.223, 0.32, 0.303, 0.307, 0.397, 0.358, 0.279, 0.397, 0.396, 0.362, 0.297, 0.26
9, 0.34, 0.404, 0.352, 0.411, 0.357, 0.394, 0.301, 0.332, 0.287, 0.281, 0.329, 0.34
5, 0.253, 0.386, 0.336, 0.283, 0.292, 0.364, 0.496, 0.177, 0.254, 0.28, 0.259, 0.28
9, 0.325, 0.243, 0.242, 0.427, 0.427, 0.288, 0.215, 0.298, 0.258, 0.159, 0.345, 0.2
53, 0.429, 0.274, 0.362, 0.416, 0.444, 0.235, 0.22, 0.322, 0.238, 0.564, 0.315, 0.2
91, 0.396, 0.231, 0.269, 0.381, 0.352, 0.132, 0.282, 0.0, 0.213, 0.312, 0.0, 0.306,
0.226, 0.282, 0.343, 0.269, 0.316, 0.268, 0.342, 0.319, 0.125, 0.303, 0.298, 0.476,
0.223, 0.157, 0.293, 0.293, 0.154, 0.331, 0.36, 0.398, 0.204, 0.139, 0.268, 0.194,
0.067, 0.45, 0.0, 0.257, 0.228, 0.155, 0.219, 0.234, 0.251, 0.194, 0.361, 0.148, 0.
088, 0.354, 0.264, 0.36, 0.286, 0.228, 0.339, 0.165, 0.232, 0.278, 0.349, 0.248, 0.
272, 0.275, 0.176, 0.342, 0.239, 0.135, 0.26, 0.192, 0.36, 0.293, 0.035, 0.173, 0.3
99, 0.442, 0.172, 0.276, 0.316, 0.382, 0.328, 0.396, 0.367, 0.324, 0.322, 0.39, 0.3
39, 0.23, 0.304, 0.352, 0.35, 0.187, 0.355, 0.316, 0.381, 0.337, 0.34, 0.316, 0.34
6, 0.295, 0.381, 0.317, 0.347, 0.371, 0.365, 0.379, 0.303, 0.345, 0.347, 0.351, 0.3
51, 0.303, 0.332, 0.384, 0.319, 0.354, 0.402, 0.207, 0.276, 0.325, 0.305, 0.373, 0.
335, 0.306, 0.237, 0.408, 0.353, 0.329, 0.456, 0.332, 0.251, 0.354, 0.343, 0.15, 0.
22, 0.466, 0.475, 0.481, 0.357, 0.268, 0.241, 0.632, 0.282, 0.362, 0.427, 0.22, 0.4
76, 0.067, 0.45, 0.276, 0.325, 0.339, 0.332, 0.325, 0.346, 0.315, 0.251, 0.323, 0.3
21, 0.338, 0.349, 0.38, 0.299, 0.358, 0.332, 0.349, 0.38, 0.302, 0.355, 0.335, 0.24
7, 0.422, 0.341, 0.338, 0.268, 0.352, 0.354, 0.387, 0.302, 0.276, 0.246, 0.53, 0.15
1, 0.37, 0.544, 0.282, 0.242, 0.0, 0.288, 0.486, 0.406, 0.375, 0.4, 0.212, 0.281,
0.494, 0.212, 0.219, 0.289, 0.183, 0.355, 0.283, 0.252, 0.286, 0.24, 0.281, 0.388,
0.259, 0.307, 0.207, 0.271, 0.315, 0.179, 0.249, 0.212, 0.195, 0.294, 0.197, 0.037,
0.274, 0.321, 0.289, 0.355, 0.209, 0.368, 0.338, 0.26, 0.303, 0.208, 0.167, 0.309,
0.256, 0.242, 0.238, 0.16, 0.384, 0.355, 0.15, 0.264, 0.219, 0.244, 0.294, 0.346,
0.215, 0.334, 0.399, 0.144, 0.336, 0.306, 0.273, 0.363, 0.213, 0.281, 0.316, 0.306,
0.262, 0.146, 0.298, 0.342, 0.203, 0.461, 0.325, 0.221, 0.349, 0.317, 0.264, 0.159,
0.239, 0.293, 0.295, 0.274, 0.181, 0.22, 0.245, 0.253, 0.194, 0.265, 0.383, 0.176,
0.113, 0.346, 0.231, 0.165, 0.358, 0.509, 0.321, 0.242, 0.207, 0.512, 0.338, 0.212,
0.356, 0.316, 0.192, 0.245, 0.361, 0.233, 0.313, 0.411, 0.421, 0.278, 0.303, 0.314,
0.28, 0.282, 0.279, 0.203, 0.201, 0.309, 0.294, 0.395, 0.265, 0.354, 0.368, 0.291,
0.233, 0.305, 0.183, 0.318, 0.177, 0.388, 0.457, 0.28, 0.301, 0.441, 0.411, 0.151,
0.261, 0.316, 0.317, 0.281, 0.29, 0.433, 0.332, 0.221, 0.077, 0.344, 0.346, 0.236,
0.354, 0.13, 0.396, 0.226, 0.171, 0.313, 0.377, 0.394, 0.26, 0.424, 0.404, 0.351,
0.345, 0.276, 0.188, 0.213, 0.202, 0.206, 0.314, 0.447, 0.299, 0.309, 0.28, 0.288,
0.273, 0.433, 0.4, 0.373, 0.239, 0.26, 0.336, 0.321, 0.189, 0.095, 0.343, 0.524, 0.
301, 0.283, 0.152, 0.244, 0.273, 0.246, 0.43, 0.407, 0.307, 0.307, 0.371, 0.418, 0.
215, 0.272, 0.265, 0.28, 0.267, 0.404, 0.215, 0.182, 0.272, 0.307, 0.212, 0.558, 0.
249, 0.337, 0.371, 0.358, 0.441, 0.174, 0.402, 0.33, 0.308, 0.324, 0.327, 0.397, 0.
213, 0.323, 0.321, 0.323, 0.328, 0.513, 0.343, 0.357, 0.296, 0.303, 0.158, 0.171,
0.276, 0.271, 0.345, 0.298, 0.236, 0.485, 0.197, 0.253, 0.236, 0.212, 0.304, 0.228,
0.313, 0.354, 0.354, 0.526, 0.106, 0.174, 0.51, 0.381, 0.314, 0.267, 0.347, 0.088,
0.341, 0.302, 0.332, 0.331, 0.317, 0.342, 0.389, 0.329, 0.192, 0.33, 0.272, 0.191,
0.57, 0.31, 0.294, 0.154, 0.29, 0.239, 0.341, 0.369, 0.354, 0.351, 0.489, 0.283, 0.
316, 0.108, 0.356, 0.255, 0.404, 0.391, 0.368, 0.271, 0.056, 0.174, 0.297, 0.446,
0.174, 0.17, 0.348, 0.241, 0.408, 0.326, 0.293, 0.152, 0.246, 0.329, 0.335, 0.326,
0.331, 0.277, 0.323, 0.318, 0.53, 0.268, 0.344, 0.382, 0.466, 0.169, 0.487, 0.263,
0.319, 0.546, 0.246, 0.468, 0.279, 0.164, 0.343, 0.221, 0.244, 0.225, 0.343, 0.255,
0.243, 0.289, 0.297, 0.181, 0.346, 0.272, 0.068, 0.302, 0.264, 0.356, 0.153, 0.302,
0.268, 0.472, 0.301, 0.333, 0.261, 0.186, 0.274, 0.311, 0.299, 0.278, 0.216, 0.224,
0.261, 0.361, 0.387, 0.246, 0.115, 0.366, 0.143, 0.314, 0.139, 0.305, 0.24, 0.297,
0.221, 0.276, 0.312, 0.291, 0.363, 0.277, 0.308, 0.25, 0.436, 0.441, 0.372, 0.306,
0.329, 0.263, 0.365, 0.162, 0.282, 0.347, 0.407, 0.326, 0.281, 0.291, 0.518, 0.527,
0.337, 0.149, 0.388, 0.272, 0.166, 0.535, 0.293, 0.309, 0.227, 0.257, 0.178, 0.16,
0.222, 0.276, 0.247, 0.383, 0.258, 0.3, 0.568, 0.43, 0.386, 0.37, 0.303, 0.149, 0.3
95, 0.46, 0.186, 0.547, 0.418, 0.428, 0.213, 0.423, 0.281, 0.283, 0.132, 0.331, 0.3
14, 0.32, 0.19, 0.185, 0.0, 0.286, 0.329, 0.18, 0.142, 0.2, 0.203, 0.561, 0.237, 0.
354, 0.366, 0.424, 0.3, 0.301, 0.187, 0.137, 0.284, 0.305, 0.322, 0.215, 0.211, 0.3
4, 0.1, 0.41, 0.265, 0.15, 0.27, 0.19, 0.291, 0.23, 0.263, 0.343, 0.22, 0.489, 0.47
6, 0.159, 0.174, 0.158, 0.353, 0.395, 0.151, 0.296, 0.259, 0.373, 0.263, 0.172, 0.3
23, 0.428, 0.302, 0.309, 0.486, 0.187, 0.23, 0.231, 0.338, 0.348, 0.312, 0.379, 0.2
21, 0.308, 0.345, 0.198, 0.043, 0.336, 0.107, 0.172, 0.233, 0.293, 0.33, 0.213, 0.3
17, 0.296, 0.461, 0.141, 0.299, 0.235, 0.158, 0.196, 0.183, 0.283, 0.027, 0.209, 0.
383, 0.396, 0.335, 0.331, 0.351, 0.336, 0.347, 0.302, 0.277, 0.276, 0.271, 0.241,
0.194, 0.273, 0.366, 0.158, 0.51, 0.354, 0.143, 0.37, 0.303, 0.433, 0.298, 0.306,
0.381, 0.371, 0.196, 0.326, 0.339, 0.373, 0.308, 0.544, 0.106, 0.316, 0.383, 0.354,
0.351, 0.375, 0.431, 0.46, 0.418, 0.541, 0.218, 0.306, 0.321, 0.245, 0.424, 0.301,
0.274, 0.309, 0.0, 0.281, 0.406, 0.395, 0.404, 0.293, 0.309, 0.231, 0.314, 0.348,
0.402, 0.345, 0.462, 0.34, 0.258, 0.389, 0.312, 0.331, 0.344, 0.318, 0.364, 0.358,
0.322, 0.413, 0.365, 0.389, 0.369, 0.331, 0.298, 0.345, 0.318, 0.251, 0.323, 0.363,
0.324, 0.313, 0.354, 0.276, 0.307, 0.324, 0.387, 0.341, 0.319, 0.338, 0.204, 0.216,
0.331, 0.297, 0.228, 0.263, 0.277, 0.227, 0.088, 0.224, 0.411, 0.166, 0.349, 0.244,
0.17, 0.178, 0.32, 0.246, 0.215, 0.261, 0.53, 0.568, 0.274, 0.31, 0.321, 0.151, 0.3
7, 0.226, 0.174, 0.381, 0.272, 0.237, 0.29, 0.221, 0.213, 0.236, 0.38, 0.544, 0.30
3, 0.222, 0.375, 0.306, 0.246, 0.142, 0.309, 0.547, 0.428, 0.354, 0.265, 0.19, 0.30
4, 0.202, 0.464, 0.446, 0.325, 0.388, 0.294, 0.468, 0.249, 0.236, 0.264, 0.277, 0.2
37, 0.338, 0.207, 0.201, 0.261, 0.441, 0.299, 0.384, 0.273, 0.346, 0.323, 0.355, 0.
57, 0.287, 0.196, 0.153, 0.343, 0.326, 0.246, 0.228, 0.354, 0.143, 0.358, 0.268, 0.
146, 0.342, 0.527, 0.171, 0.306, 0.396, 0.246, 0.199, 0.174, 0.25, 0.365, 0.336, 0.
294, 0.388, 0.292, 0.21, 0.186, 0.238, 0.289, 0.212, 0.152, 0.441, 0.106, 0.283, 0.
303, 0.263, 0.273, 0.143, 0.268, 0.129, 0.353, 0.407, 0.158, 0.162, 0.283, 0.288,
0.205, 0.149, 0.239, 0.077, 0.245, 0.149, 0.4, 0.487, 0.278, 0.158, 0.302, 0.343,
0.322, 0.329, 0.372, 0.332, 0.296, 0.33, 0.294, 0.339, 0.348, 0.274, 0.401, 0.314,
0.38, 0.3, 0.271, 0.219, 0.29, 0.308, 0.244, 0.355, 0.335, 0.302, 0.282, 0.302, 0.2
72, 0.242, 0.436, 0.286, 0.274, 0.247, 0.33, 0.301, 0.278, 0.332, 0.434, 0.154, 0.
0, 0.275, 0.345, 0.28, 0.303, 0.212, 0.235, 0.189, 0.441, 0.181, 0.213, 0.261, 0.11
3, 0.213, 0.255, 0.316, 0.341, 0.406, 0.461, 0.312, 0.278, 0.371, 0.279, 0.281, 0.1
44, 0.38, 0.561, 0.301, 0.179, 0.375, 0.271, 0.54, 0.144, 0.349, 0.213, 0.381, 0.35
8, 0.253, 0.312, 0.4, 0.212, 0.0, 0.172, 0.43, 0.095, 0.314, 0.404, 0.306, 0.259,
0.281, 0.187, 0.26, 0.422, 0.236, 0.282, 0.288, 0.279, 0.447, 0.279, 0.509, 0.159,
0.354, 0.174, 0.169, 0.271, 0.356, 0.305, 0.33, 0.218, 0.293, 0.377, 0.115, 0.388,
0.494, 0.212, 0.203, 0.174, 0.308, 0.382, 0.379, 0.352, 0.283, 0.213, 0.153, 0.235,
0.176, 0.239, 0.114, 0.232, 0.293, 0.193, 0.258, 0.317, 0.084, 0.334, 0.216, 0.345,
0.383, 0.304, 0.276, 0.212, 0.198, 0.322, 0.362, 0.184, 0.299, 0.219, 0.386, 0.301,
0.336, 0.172, 0.1, 0.239, 0.233, 0.254, 0.262, 0.141, 0.38, 0.236, 0.19, 0.318, 0.1
58, 0.196, 0.387, 0.305, 0.319, 0.358, 0.317, 0.277, 0.108, 0.224, 0.321, 0.289, 0.
432, 0.309, 0.259, 0.336, 0.167, 0.203, 0.317, 0.16, 0.287, 0.365, 0.388, 0.393, 0.
334, 0.366, 0.41, 0.374, 0.363, 0.363, 0.216, 0.261, 0.314, 0.286, 0.302, 0.355, 0.
278, 0.435, 0.54, 0.324, 0.385, 0.278, 0.309, 0.328, 0.359, 0.41, 0.356, 0.294, 0.2
16, 0.261, 0.32, 0.329, 0.399, 0.302, 0.336, 0.354, 0.402, 0.336, 0.269, 0.319, 0.3
78, 0.317, 0.32, 0.282, 0.36, 0.398, 0.305, 0.339, 0.314, 0.333, 0.301, 0.415, 0.47
4, 0.343, 0.429, 0.456, 0.269, 0.116, 0.345, 0.214, 0.299, 0.349, 0.334, 0.364, 0.2
99, 0.303, 0.408, 0.098, 0.279, 0.501, 0.308, 0.342, 0.167, 0.544, 0.252, 0.323, 0.
324, 0.275, 0.223, 0.228, 0.348, 0.292, 0.437, 0.224, 0.329, 0.257, 0.421, 0.336,
0.322, 0.228, 0.108, 0.211, 0.267, 0.375, 0.236, 0.24, 0.309, 0.329, 0.296, 0.277,
0.341, 0.315, 0.398, 0.472, 0.165, 0.286, 0.29, 0.374, 0.0, 0.352, 0.211, 0.22, 0.3
01, 0.338, 0.309, 0.453, 0.255, 0.298, 0.38, 0.33, 0.102, 0.278, 0.175, 0.212, 0.21
3, 0.339, 0.161, 0.211, 0.302, 0.0, 0.337, 0.274, 0.293, 0.186, 0.155, 0.24, 0.327,
0.182, 0.307, 0.118, 0.156, 0.442, 0.459, 0.352, 0.289, 0.266, 0.268, 0.293, 0.296,
0.28, 0.309, 0.293, 0.294, 0.24, 0.213, 0.181, 0.247, 0.184, 0.262, 0.297, 0.376,
0.384, 0.262, 0.229, 0.328, 0.309, 0.384, 0.253, 0.393, 0.33, 0.294, 0.33, 0.317,
0.369, 0.338, 0.311, 0.292, 0.214, 0.303, 0.339, 0.143, 0.321, 0.222, 0.309, 0.336,
0.314, 0.378, 0.334, 0.427, 0.437, 0.336, 0.169, 0.302, 0.344, 0.294, 0.462, 0.331,
0.524, 0.366, 0.309, 0.324, 0.339, 0.414, 0.27, 0.365, 0.363, 0.349, 0.326, 0.116,
0.275, 0.199, 0.276, 0.245, 0.51, 0.233, 0.245, 0.251, 0.287, 0.122, 0.391, 0.295,
0.23, 0.511, 0.387, 0.196, 0.368, 0.087, 0.128, 0.379, 0.36, 0.42, 0.29, 0.418, 0.3
4, 0.233, 0.292, 0.202, 0.107, 0.318, 0.338, 0.341, 0.076, 0.203, 0.182, 0.309, 0.2
86, 0.232, 0.324, 0.274, 0.363, 0.316, 0.378, 0.306, 0.321, 0.23, 0.321, 0.312, 0.3
25, 0.508, 0.383, 0.175, 0.372, 0.501, 0.059, 0.292, 0.278, 0.308, 0.0, 0.375, 0.20
5, 0.238, 0.334, 0.217, 0.358, 0.326, 0.426, 0.625, 0.331, 0.296, 0.06, 0.26, 0.33,
0.212, 0.278, 0.403, 0.125, 0.242, 0.35, 0.407, 0.449, 0.282, 0.27, 0.242, 0.268,
0.156, 0.328, 0.311, 0.361, 0.223, 0.111, 0.369, 0.176, 0.279, 0.291, 0.349, 0.274,
0.293, 0.364, 0.309, 0.322, 0.115, 0.304, 0.341, 0.433, 0.321, 0.413, 0.302, 0.269,
0.376, 0.239, 0.508, 0.318, 0.345, 0.285, 0.22, 0.414, 0.234, 0.339, 0.298, 0.316,
0.189, 0.181, 0.263, 0.316, 0.215, 0.182, 0.2, 0.339, 0.197, 0.395, 0.364, 0.231,
0.266, 0.243, 0.333, 0.531, 0.193, 0.246, 0.286, 0.436, 0.233, 0.22, 0.321, 0.372,
0.278, 0.269, 0.26, 0.32, 0.246, 0.314, 0.198, 0.363, 0.413, 0.278, 0.238, 0.21, 0.
538, 0.157, 0.282, 0.474, 0.242, 0.201, 0.424, 0.098, 0.368, 0.34, 0.514, 0.274, 0.
417, 0.309, 0.349, 0.36, 0.319, 0.422, 0.483, 0.205, 0.098, 0.202, 0.162, 0.31, 0.1
99, 0.323, 0.267, 0.252, 0.279, 0.278, 0.277, 0.23, 0.381, 0.176, 0.374, 0.261, 0.2
44, 0.657, 0.392, 0.283, 0.296, 0.196, 0.138, 0.409, 0.318, 0.303, 0.42, 0.0, 0.36
2, 0.405, 0.25, 0.312, 0.239, 0.221, 0.26, 0.266, 0.485, 0.404, 0.449, 0.303, 0.40
6, 0.172, 0.443, 0.306, 0.32, 0.333, 0.169, 0.486, 0.309, 0.3, 0.296, 0.314, 0.326,
0.265, 0.442, 0.417, 0.28, 0.287, 0.145, 0.356, 0.232, 0.402, 0.305, 0.335, 0.225,
0.272, 0.343, 0.32, 0.378, 0.249, 0.488, 0.269, 0.372, 0.201, 0.377, 0.232, 0.41,
0.0, 0.319, 0.219, 0.162, 0.13, 0.426, 0.289, 0.262, 0.297, 0.236, 0.371, 0.289, 0.
362, 0.26, 0.312, 0.32, 0.268, 0.421, 0.311, 0.165, 0.18, 0.284, 0.424, 0.371, 0.21
4, 0.317, 0.359, 0.444, 0.226, 0.101, 0.133, 0.252, 0.334, 0.19, 0.317, 0.235, 0.19
7, 0.564, 0.378, 0.336, 0.424, 0.284, 0.321, 0.423, 0.302, 0.381, 0.408, 0.183, 0.3
31, 0.257, 0.262, 0.24, 0.294, 0.307, 0.185, 0.422, 0.454, 0.302, 0.207, 0.207, 0.2
92, 0.314, 0.161, 0.118, 0.215, 0.442, 0.31, 0.325, 0.195, 0.373, 0.284, 0.31, 0.18
6, 0.488, 0.505, 0.498, 0.13, 0.182, 0.308, 0.207, 0.422, 0.487, 0.421, 0.37, 0.48
6, 0.238, 0.0, 0.157, 0.352, 0.301, 0.382, 0.212, 0.415, 0.406, 0.273, 0.27, 0.311,
0.0, 0.23, 0.361, 0.302, 0.282, 0.443, 0.298, 0.211, 0.502, 0.316, 0.339, 0.252, 0.
16, 0.271, 0.325, 0.405, 0.365, 0.282, 0.42, 0.355, 0.359, 0.217, 0.251, 0.285, 0.2
99, 0.304, 0.434, 0.425, 0.134, 0.434, 0.287, 0.454, 0.117, 0.314, 0.194, 0.338, 0.
243, 0.284, 0.329, 0.194, 0.334, 0.472, 0.311, 0.174, 0.257, 0.206, 0.319, 0.411,
0.203, 0.276, 0.329, 0.259, 0.37, 0.296, 0.338, 0.326, 0.442, 0.36, 0.266, 0.378,
0.384, 0.339, 0.278, 0.295, 0.472, 0.24, 0.625, 0.202, 0.453, 0.302, 0.294, 0.323,
0.233, 0.339, 0.657, 0.305, 0.347, 0.378, 0.231, 0.434, 0.366, 0.25, 0.651, 0.429,
0.223, 0.16, 0.253, 0.305, 0.274, 0.356, 0.437, 0.278, 0.302, 0.245, 0.332, 0.338,
0.364, 0.364, 0.606, 0.239, 0.197, 0.474, 0.386, 0.06, 0.312, 0.26, 0.332, 0.371,
0.178, 0.413, 0.233, 0.161, 0.31, 0.329, 0.182, 0.487, 0.238, 0.496, 0.33, 0.316,
0.352, 0.284, 0.407, 0.333, 0.351, 0.311, 0.365, 0.394, 0.343, 0.337, 0.355, 0.359,
0.343, 0.361, 0.366, 0.297, 0.351, 0.34, 0.312, 0.291, 0.387, 0.33, 0.348, 0.297,
0.367, 0.336, 0.295, 0.37, 0.304, 0.321, 0.259, 0.357, 0.296, 0.226, 0.303, 0.266,
0.345, 0.335, 0.361, 0.375, 0.317, 0.243, 0.377, 0.302, 0.339, 0.351, 0.348, 0.332,
0.288, 0.31, 0.375, 0.314, 0.296, 0.242, 0.302, 0.402, 0.3, 0.294, 0.242, 0.328, 0.
37, 0.292, 0.339, 0.299, 0.292, 0.32, 0.272, 0.309, 0.344, 0.282, 0.319, 0.263, 0.4
42, 0.444, 0.311, 0.202, 0.285, 0.333, 0.193, 0.358, 0.292, 0.316, 0.362, 0.278, 0.
322, 0.317, 0.278, 0.482, 0.363, 0.332, 0.289, 0.162, 0.325, 0.307, 0.41, 0.398, 0.
417, 0.373, 0.361, 0.457, 0.221, 0.392, 0.36, 0.13, 0.262, 0.362, 0.424, 0.298, 0.3
52, 0.263, 0.267, 0.319, 0.184, 0.462, 0.5, 0.391, 0.277, 0.474, 0.268, 0.305, 0.38
3, 0.289, 0.21, 0.199, 0.339, 0.227, 0.431, 0.284, 0.238, 0.261, 0.278, 0.162, 0.39
2, 0.279, 0.429, 0.424, 0.134, 0.444, 0.443, 0.412, 0.508, 0.436, 0.272, 0.424, 0.3
53, 0.34, 0.179, 0.291, 0.288, 0.356, 0.116, 0.18, 0.372, 0.426, 0.0, 0.437, 0.281,
0.281, 0.268, 0.358, 0.195, 0.295, 0.326, 0.282, 0.271, 0.175, 0.279, 0.285, 0.236,
0.371, 0.269, 0.215, 0.364, 0.449, 0.232, 0.22, 0.287, 0.432, 0.101, 0.349, 0.386,
0.158, 0.0, 0.176, 0.334, 0.443, 0.321, 0.225, 0.235, 0.34, 0.212, 0.286, 0.314, 0.
462, 0.348, 0.299, 0.349, 0.363, 0.203, 0.404, 0.265, 0.47, 0.342, 0.334, 0.198, 0.
235, 0.103, 0.197, 0.564, 0.189, 0.369, 0.303, 0.242, 0.291, 0.168, 0.371, 0.263,
0.24, 0.207, 0.207, 0.45, 0.292, 0.608, 0.349, 0.171, 0.319, 0.462, 0.418, 0.505,
0.498, 0.13, 0.299, 0.273, 0.111, 0.427, 0.098, 0.368, 0.429, 0.437, 0.118, 0.269,
0.341, 0.326, 0.28, 0.36, 0.246, 0.324, 0.28, 0.22, 0.488, 0.339, 0.34, 0.165, 0.33
5, 0.396, 0.275, 0.417, 0.363, 0.0, 0.567, 0.456, 0.319, 0.341, 0.314, 0.189, 0.31
4, 0.232, 0.402, 0.26, 0.211, 0.317, 0.24, 0.35, 0.381, 0.306, 0.511, 0.0, 0.083,
0.538, 0.283, 0.274, 0.315, 0.279, 0.455, 0.182, 0.238, 0.433, 0.324, 0.153, 0.249,
0.449, 0.282, 0.322, 0.209, 0.297, 0.328, 0.266, 0.243, 0.406, 0.16, 0.223, 0.322,
0.266, 0.248, 0.312, 0.182, 0.253, 0.309, 0.272, 0.311, 0.107, 0.377, 0.365, 0.321,
0.36, 0.108, 0.378, 0.271, 0.333, 0.268, 0.413, 0.234, 0.254, 0.307, 0.462, 0.32,
0.369, 0.417, 0.225, 0.182, 0.365, 0.42, 0.239, 0.271, 0.33, 0.232, 0.076, 0.319,
0.369, 0.434, 0.286, 0.311, 0.233, 0.192, 0.214, 0.307, 0.214, 0.29, 0.299, 0.425,
0.414, 0.403, 0.264, 0.421, 0.35, 0.195, 0.291, 0.454, 0.217, 0.508, 0.174, 0.399,
0.209, 0.201, 0.282, 0.219, 0.196, 0.111, 0.325, 0.243, 0.098, 0.276, 0.098, 0.216,
0.317, 0.471, 0.231, 0.239, 0.133, 0.36, 0.317, 0.317, 0.256, 0.228, 0.238, 0.305,
0.0, 0.314, 0.356, 0.321, 0.232, 0.423, 0.302, 0.183, 0.331, 0.495, 0.257, 0.294,
0.212, 0.307, 0.185, 0.101, 0.422, 0.454, 0.302, 0.214, 0.118, 0.213, 0.417, 0.186,
0.142, 0.239, 0.127, 0.382, 0.38, 0.207, 0.09, 0.265, 0.421, 0.198, 0.33, 0.297, 0.
361, 0.217, 0.32, 0.304, 0.23, 0.29, 0.294, 0.0, 0.323, 0.392, 0.279, 0.326, 0.575,
0.192, 0.485, 0.284, 0.189, 0.341, 0.227, 0.156, 0.245, 0.274, 0.369, 0.336, 0.175,
0.35, 0.329, 0.34, 0.202, 0.355, 0.243, 0.0, 0.359, 0.341, 0.364, 0.336, 0.346, 0.3
65, 0.4, 0.371, 0.324, 0.28, 0.36, 0.327, 0.308, 0.362, 0.342, 0.318, 0.368, 0.323,
0.333, 0.273, 0.278, 0.482, 0.457, 0.431, 0.261, 0.424, 0.353, 0.179, 0.281, 0.101,
0.356, 0.369, 0.461, 0.342, 0.299, 0.392, 0.392, 0.285, 0.379, 0.364, 0.391, 0.369,
0.292, 0.317, 0.383, 0.356, 0.327, 0.336, 0.305, 0.349, 0.345, 0.32, 0.375, 0.374,
0.323, 0.332, 0.296, 0.297, 0.482, 0.261, 0.424, 0.179, 0.358, 0.101, 0.369, 0.462,
0.392, 0.575]